MAE:  141742.7215375106 
MSE:  43501949830.297585 
RMSE: 208571.21045412184 
Variance Regression Score: 0.6900223135375316